0 1
1 2
2 4
3 0
4 6
5 0
6 0
7 2
8 8
9 2
10 0
11 4
12 0
13 0
14 4
15 0
16 10
17 0
18 4
19 0
20 0
21 0
22 8
23 4
24 0
25 2
26 0
27 0
28 6
29 4
30 0
31 0
32 12
33 0
34 0
35 0
36 6
37 4
38 0
39 0
40 0
41 0
42 0
43 4
44 12
45 0
46 8
47 0
48 0
49 2
50 4
51 0
52 0
53 4
54 0
55 0
56 8
57 0
58 8
59 0
60 0
61 0
62 0
63 2
64 14
65 0
66 0
67 4
68 0
69 0
70 0
71 4
72 8
73 0
74 8
75 0
76 0
77 4
78 0
79 4
80 0
81 2
82 0
83 0
84 0
85 0
86 8
87 0
88 16
89 0
90 0
91 0
92 12
93 0
94 0
95 0
96 0
97 0
98 4
99 4
100 6
101 0
102 0
103 0
104 0
105 0
106 8
107 4
108 0
109 4
110 0
111 0
112 10
113 4
114 0
115 0
116 12
117 0
118 0
119 0
120 0
121 6
122 0
123 0
124 0
125 0
126 4
127 4
128 16
129 0
130 0
131 0
132 0
133 0
134 8
135 0
136 0
137 4
138 0
139 0
140 0
141 0
142 8
143 0
144 10
145 0
146 0
147 0
148 12
149 4
150 0
151 4
152 0
153 0
154 8
155 0
156 0
157 0
158 8
159 0
160 0
161 4
162 4
163 4
164 0
165 0
166 0
167 0
168 0
169 2
170 0
171 0
172 12
173 0
174 0
175 2
176 20
177 0
178 0
179 4
180 0
181 0
182 0
183 0
184 16
185 0
186 0
187 0
188 0
189 0
190 0
191 4
192 0
193 4
194 0
195 0
196 6
197 4
198 8
199 0
200 8
201 0
202 0
203 4
204 0
205 0
206 0
207 4
208 0
209 0
210 0
211 4
212 12
213 0
214 8
215 0
216 0
217 0
218 8
219 0
220 0
221 0
222 0
223 0
224 12
225 2
226 8
227 0
228 0
229 0
230 0
231 0
232 16
233 4
234 0
235 0
236 0
237 0
238 0
239 4
240 0
241 0
242 12
243 0
244 0
245 0
246 0
247 0
248 0
249 0
250 0
251 0
252 6
253 8
254 8
255 0
256 18
257 0
258 0
259 4
260 0
261 4
262 0
263 4
264 0
265 0
266 0
267 0
268 12
269 0
270 0
271 0
272 0
273 0
274 8
275 4
276 0
277 4
278 0
279 0
280 0
281 4
282 0
283 0
284 12
285 0
286 0
287 0
288 12
289 2
290 0
291 0
292 0
293 0
294 0
295 0
296 16
297 0
298 8
299 0
300 0
301 4
302 8
303 0
304 0
305 0
306 0
307 0
308 12
309 0
310 0
311 0
312 0
313 0
314 0
315 0
316 12
317 4
318 0
319 8
320 0
321 0
322 8
323 0
324 6
325 0
326 8
327 0
328 0
329 0
330 0
331 4
332 0
333 4
334 0
335 0
336 0
337 4
338 4
339 0
340 0
341 0
342 0
343 2
344 16
345 0
346 0
347 4
348 0
349 0
350 4
351 0
352 24
353 0
354 0
355 0
356 0
357 0
358 8
359 4
360 0
361 2
362 0
363 0
364 0
365 0
366 0
367 0
368 20
369 0
370 0
371 4
372 0
373 4
374 0
375 0
376 0
377 0
378 0
379 4
380 0
381 0
382 8
383 0
384 0
385 0
386 8
387 4
388 0
389 4
390 0
391 0
392 8
393 0
394 8
395 0
396 12
397 0
398 0
399 0
400 10
401 4
402 0
403 0
404 0
405 0
406 8
407 8
408 0
409 0
410 0
411 0
412 0
413 0
414 8
415 0
416 0
417 0
418 0
419 0
420 0
421 4
422 8
423 0
424 16
425 0
426 0
427 0
428 12
429 0
430 0
431 4
432 0
433 0
434 0
435 0
436 12
437 0
438 0
439 0
440 0
441 2
442 0
443 4
444 0
445 0
446 0
447 0
448 14
449 4
450 4
451 0
452 12
453 0
454 0
455 0
456 0
457 4
458 0
459 0
460 0
461 0
462 0
463 4
464 20
465 0
466 8
467 0
468 0
469 4
470 0
471 0
472 0
473 8
474 0
475 0
476 0
477 4
478 8
479 0
480 0
481 0
482 0
483 0
484 18
485 0
486 0
487 4
488 0
489 0
490 0
491 4
492 0
493 0
494 0
495 0
496 0
497 4
498 0
499 4
500 0
501 0
502 0
503 0
504 8
505 0
506 16
507 0
508 12
509 0
510 0
511 0
512 20
513 0
514 0
515 0
516 0
517 0
518 8
519 0
520 0
521 0
522 8
523 0
524 0
525 0
526 8
527 0
528 0
529 6
530 0
531 0
532 0
533 0
534 0
535 0
536 16
537 0
538 0
539 4
540 0
541 4
542 0
543 0
544 0
545 0
546 0
547 4
548 12
549 0
550 8
551 0
552 0
553 4
554 8
555 0
556 0
557 4
558 0
559 0
560 0
561 0
562 8
563 0
564 0
565 0
566 0
567 2
568 16
569 4
570 0
571 4
572 0
573 0
574 0
575 4
576 14
577 0
578 4
579 0
580 0
581 0
582 0
583 8
584 0
585 0
586 0
587 0
588 0
589 0
590 0
591 0
592 20
593 0
594 0
595 0
596 12
597 0
598 0
599 4
600 0
601 0
602 8
603 4
604 12
605 0
606 0
607 0
608 0
609 0
610 0
611 0
612 0
613 4
614 0
615 0
616 16
617 4
618 0
619 0
620 0
621 0
622 0
623 0
624 0
625 2
626 0
627 0
628 0
629 0
630 0
631 4
632 16
633 0
634 8
635 0
636 0
637 0
638 16
639 4
640 0
641 4
642 0
643 0
644 12
645 0
646 0
647 0
648 8
649 0
650 0
651 0
652 12
653 4
654 0
655 0
656 0
657 0
658 0
659 4
660 0
661 0
662 8
663 0
664 0
665 0
666 8
667 8
668 0
669 0
670 0
671 0
672 0
673 4
674 8
675 0
676 6
677 0
678 0
679 0
680 0
681 0
682 0
683 4
684 0
685 0
686 4
687 0
688 20
689 0
690 0
691 0
692 0
693 4
694 8
695 0
696 0
697 0
698 0
699 0
700 6
701 4
702 0
703 0
704 28
705 0
706 0
707 0
708 0
709 4
710 0
711 4
712 0
713 0
714 0
715 0
716 12
717 0
718 8
719 0
720 0
721 0
722 4
723 0
724 0
725 4
726 0
727 0
728 0
729 2
730 0
731 0
732 0
733 0
734 0
735 0
736 24
737 8
738 0
739 4
740 0
741 0
742 8
743 4
744 0
745 0
746 8
747 0
748 0
749 4
750 0
751 4
752 0
753 0
754 0
755 0
756 0
757 4
758 8
759 0
760 0
761 0
762 0
763 4
764 12
765 0
766 0
767 0
768 0
769 0
770 0
771 0
772 12
773 0
774 8
775 0
776 0
777 0
778 8
779 0
780 0
781 8
782 0
783 0
784 10
785 0
786 0
787 0
788 12
789 0
790 0
791 4
792 16
793 0
794 0
795 0
796 0
797 0
798 0
799 0
800 12
801 0
802 8
803 0
804 0
805 0
806 0
807 0
808 0
809 4
810 0
811 0
812 12
813 0
814 16
815 0
816 0
817 0
818 0
819 0
820 0
821 4
822 0
823 4
824 0
825 0
826 0
827 4
828 12
829 0
830 0
831 0
832 0
833 0
834 0
835 0
836 0
837 0
838 0
839 0
840 0
841 6
842 8
843 0
844 12
845 0
846 0
847 6
848 20
849 0
850 0
851 8
852 0
853 0
854 0
855 0
856 16
857 0
858 0
859 0
860 0
861 0
862 8
863 4
864 0
865 0
866 0
867 0
868 0
869 8
870 0
871 0
872 16
873 0
874 0
875 0
876 0
877 4
878 0
879 0
880 0
881 0
882 4
883 4
884 0
885 0
886 8
887 0
888 0
889 4
890 0
891 4
892 0
893 0
894 0
895 0
896 16
897 0
898 8
899 0
900 6
901 0
902 0
903 0
904 16
905 0
906 0
907 4
908 0
909 0
910 0
911 4
912 0
913 0
914 8
915 0
916 0
917 0
918 0
919 4
920 0
921 0
922 0
923 0
924 0
925 4
926 8
927 0
928 24
929 0
930 0
931 0
932 12
933 0
934 0
935 0
936 0
937 0
938 8
939 0
940 0
941 0
942 0
943 0
944 0
945 0
946 16
947 4
948 0
949 0
950 0
951 0
952 0
953 4
954 8
955 0
956 12
957 0
958 0
959 4
960 0
961 2
962 0
963 4
964 0
965 0
966 0
967 4
968 24
969 0
970 0
971 0
972 0
973 0
974 8
975 0
976 0
977 4
978 0
979 0
980 0
981 4
982 8
983 0
984 0
985 0
986 0
987 0
988 0
989 8
990 0
991 4
992 0
993 0
994 8
995 0
996 0
997 0
998 8
999 0
1000 0
1001 0
1002 0
1003 0
1004 0
1005 0
1006 0
1007 0
1008 10
1009 4
1010 0
1011 0
1012 24
1013 0
1014 0
1015 0
1016 16
1017 4
1018 0
1019 4
1020 0
1021 0
1022 0
1023 0
1024 22
1025 0
1026 0
1027 0
1028 0
1029 0
1030 0
1031 4
1032 0
1033 4
1034 0
1035 0
1036 12
1037 0
1038 0
1039 0
1040 0
1041 0
1042 0
1043 4
1044 12
1045 0
1046 0
1047 0
1048 0
1049 0
1050 0
1051 4
1052 12
1053 0
1054 0
1055 0
1056 0
1057 4
1058 12
1059 0
1060 0
1061 4
1062 0
1063 0
1064 0
1065 0
1066 0
1067 0
1068 0
1069 0
1070 0
1071 0
1072 20
1073 8
1074 0
1075 4
1076 0
1077 0
1078 8
1079 0
1080 0
1081 0
1082 8
1083 0
1084 0
1085 0
1086 0
1087 4
1088 0
1089 6
1090 0
1091 0
1092 0
1093 4
1094 8
1095 0
1096 16
1097 0
1098 0
1099 0
1100 12
1101 0
1102 0
1103 4
1104 0
1105 0
1106 8
1107 0
1108 12
1109 0
1110 0
1111 0
1112 0
1113 0
1114 8
1115 0
1116 0
1117 4
1118 0
1119 0
1120 0
1121 0
1122 0
1123 0
1124 12
1125 0
1126 0
1127 4
1128 0
1129 4
1130 0
1131 0
1132 0
1133 0
1134 4
1135 0
1136 20
1137 0
1138 8
1139 0
1140 0
1141 4
1142 8
1143 4
1144 0
1145 0
1146 0
1147 0
1148 0
1149 0
1150 8
1151 0
1152 16
1153 0
1154 0
1155 0
1156 6
1157 0
1158 0
1159 0
1160 0
1161 0
1162 0
1163 4
1164 0
1165 0
1166 16
1167 0
1168 0
1169 0
1170 0
1171 4
1172 0
1173 0
1174 0
1175 0
1176 0
1177 8
1178 0
1179 0
1180 0
1181 0
1182 0
1183 2
1184 24
1185 0
1186 0
1187 4
1188 0
1189 0
1190 0
1191 0
1192 16
1193 0
1194 0
1195 0
1196 0
1197 0
1198 8
1199 8
1200 0
1201 4
1202 0
1203 0
1204 12
1205 0
1206 8
1207 0
1208 16
1209 0
1210 0
1211 0
1212 0
1213 4
1214 0
1215 0
1216 0
1217 0
1218 0
1219 8
1220 0
1221 0
1222 0
1223 0
1224 0
1225 2
1226 8
1227 0
1228 0
1229 4
1230 0
1231 0
1232 20
1233 4
1234 8
1235 0
1236 0
1237 0
1238 0
1239 0
1240 0
1241 0
1242 0
1243 8
1244 0
1245 0
1246 0
1247 8
1248 0
1249 0
1250 4
1251 0
1252 0
1253 4
1254 0
1255 0
1256 0
1257 0
1258 0
1259 0
1260 0
1261 0
1262 8
1263 0
1264 20
1265 0
1266 0
1267 0
1268 12
1269 0
1270 0
1271 0
1272 0
1273 0
1274 0
1275 0
1276 24
1277 0
1278 8
1279 0
1280 0
1281 0
1282 8
1283 4
1284 0
1285 0
1286 0
1287 0
1288 16
1289 4
1290 0
1291 0
1292 0
1293 0
1294 0
1295 0
1296 10
1297 4
1298 0
1299 0
1300 0
1301 0
1302 0
1303 4
1304 16
1305 0
1306 8
1307 0
1308 0
1309 0
1310 0
1311 0
1312 0
1313 0
1314 0
1315 0
1316 0
1317 0
1318 8
1319 0
1320 0
1321 0
1322 0
1323 0
1324 12
1325 4
1326 0
1327 4
1328 0
1329 0
1330 0
1331 8
1332 12
1333 0
1334 16
1335 0
1336 0
1337 4
1338 0
1339 0
1340 0
1341 4
1342 0
1343 0
1344 0
1345 0
1346 8
1347 0
1348 12
1349 0
1350 0
1351 4
1352 8
1353 0
1354 0
1355 0
1356 0
1357 0
1358 0
1359 4
1360 0
1361 0
1362 0
1363 0
1364 0
1365 0
1366 8
1367 4
1368 0
1369 6
1370 0
1371 0
1372 6
1373 4
1374 0
1375 0
1376 24
1377 0
1378 0
1379 4
1380 0
1381 4
1382 0
1383 0
1384 0
1385 0
1386 8
1387 0
1388 12
1389 0
1390 0
1391 0
1392 0
1393 0
1394 0
1395 0
1396 0
1397 8
1398 0
1399 0
1400 8
1401 0
1402 8
1403 0
1404 0
1405 0
1406 0
1407 0
1408 32
1409 4
1410 0
1411 0
1412 0
1413 0
1414 0
1415 0
1416 0
1417 0
1418 8
1419 0
1420 0
1421 4
1422 8
1423 4
1424 0
1425 0
1426 0
1427 0
1428 0
1429 4
1430 0
1431 0
1432 16
1433 0
1434 0
1435 0
1436 12
1437 0
1438 0
1439 4
1440 0
1441 0
1442 0
1443 0
1444 6
1445 0
1446 0
1447 0
1448 0
1449 4
1450 8
1451 4
1452 0
1453 4
1454 0
1455 0
1456 0
1457 0
1458 4
1459 0
1460 0
1461 0
1462 0
1463 0
1464 0
1465 0
1466 0
1467 4
1468 0
1469 0
1470 0
1471 4
1472 28
1473 0
1474 16
1475 0
1476 0
1477 4
1478 8
1479 0
1480 0
1481 4
1482 0
1483 0
1484 12
1485 0
1486 8
1487 0
1488 0
1489 0
1490 0
1491 0
1492 12
1493 4
1494 0
1495 0
1496 0
1497 0
1498 8
1499 4
1500 0
1501 0
1502 8
1503 0
1504 0
1505 0
1506 0
1507 8
1508 0
1509 0
1510 0
1511 0
1512 0
1513 0
1514 8
1515 0
1516 12
1517 0
1518 0
1519 0
1520 0
1521 2
1522 0
1523 4
1524 0
1525 0
1526 8
1527 0
1528 16
1529 0
1530 0
1531 0
1532 0
1533 0
1534 0
1535 0
1536 0
1537 8
1538 0
1539 0
1540 0
1541 8
1542 0
1543 0
1544 16
1545 0
1546 0
1547 0
1548 12
1549 4
1550 0
1551 0
1552 0
1553 0
1554 0
1555 0
1556 12
1557 0
1558 0
1559 0
1560 0
1561 0
1562 16
1563 0
1564 0
1565 0
1566 0
1567 0
1568 12
1569 0
1570 0
1571 0
1572 0
1573 0
1574 0
1575 2
1576 16
1577 0
1578 0
1579 4
1580 0
1581 0
1582 8
1583 4
1584 20
1585 0
1586 0
1587 0
1588 0
1589 0
1590 0
1591 8
1592 0
1593 0
1594 0
1595 0
1596 0
1597 4
1598 0
1599 0
1600 14
1601 0
1602 0
1603 0
1604 12
1605 0
1606 0
1607 4
1608 0
1609 0
1610 0
1611 4
1612 0
1613 0
1614 0
1615 0
1616 0
1617 0
1618 8
1619 4
1620 0
1621 4
1622 0
1623 0
1624 16
1625 0
1626 0
1627 0
1628 24
1629 0
1630 0
1631 4
1632 0
1633 8
1634 0
1635 0
1636 0
1637 0
1638 0
1639 8
1640 0
1641 0
1642 8
1643 0
1644 0
1645 0
1646 8
1647 0
1648 0
1649 0
1650 0
1651 0
1652 0
1653 0
1654 8
1655 0
1656 16
1657 0
1658 0
1659 0
1660 0
1661 8
1662 0
1663 4
1664 0
1665 0
1666 0
1667 4
1668 0
1669 0
1670 0
1671 0
1672 0
1673 4
1674 0
1675 4
1676 0
1677 0
1678 0
1679 0
1680 0
1681 2
1682 12
1683 0
1684 12
1685 0
1686 0
1687 0
1688 16
1689 0
1690 0
1691 0
1692 0
1693 0
1694 12
1695 0
1696 24
1697 0
1698 0
1699 0
1700 0
1701 0
1702 16
1703 0
1704 0
1705 0
1706 0
1707 0
1708 0
1709 4
1710 0
1711 0
1712 20
1713 0
1714 0
1715 0
1716 0
1717 0
1718 0
1719 4
1720 0
1721 0
1722 0
1723 4
1724 12
1725 0
1726 8
1727 0
1728 0
1729 0
1730 0
1731 0
1732 0
1733 4
1734 0
1735 0
1736 0
1737 4
1738 16
1739 0
1740 0
1741 0
1742 0
1743 0
1744 20
1745 0
1746 0
1747 4
1748 0
1749 0
1750 0
1751 0
1752 0
1753 0
1754 8
1755 0
1756 0
1757 0
1758 0
1759 4
1760 0
1761 0
1762 0
1763 0
1764 6
1765 0
1766 8
1767 0
1768 0
1769 0
1770 0
1771 8
1772 12
1773 4
1774 0
1775 4
1776 0
1777 0
1778 8
1779 0
1780 0
1781 0
1782 8
1783 0
1784 0
1785 0
1786 0
1787 4
1788 0
1789 4
1790 0
1791 0
1792 18
1793 8
1794 0
1795 0
1796 12
1797 0
1798 0
1799 0
1800 8
1801 4
1802 0
1803 0
1804 0
1805 0
1806 0
1807 0
1808 20
1809 0
1810 0
1811 0
1812 0
1813 4
1814 8
1815 0
1816 0
1817 8
1818 0
1819 0
1820 0
1821 0
1822 8
1823 0
1824 0
1825 0
1826 0
1827 4
1828 12
1829 0
1830 0
1831 4
1832 0
1833 0
1834 0
1835 0
1836 0
1837 0
1838 8
1839 0
1840 0
1841 4
1842 0
1843 0
1844 0
1845 0
1846 0
1847 0
1848 0
1849 6
1850 8
1851 0
1852 12
1853 0
1854 0
1855 0
1856 28
1857 0
1858 0
1859 4
1860 0
1861 0
1862 0
1863 4
1864 16
1865 0
1866 0
1867 0
1868 0
1869 0
1870 0
1871 4
1872 0
1873 4
1874 0
1875 0
1876 12
1877 4
1878 0
1879 0
1880 0
1881 0
1882 0
1883 0
1884 0
1885 0
1886 0
1887 0
1888 0
1889 0
1890 0
1891 0
1892 24
1893 0
1894 8
1895 0
1896 0
1897 0
1898 0
1899 4
1900 0
1901 4
1902 0
1903 0
1904 0
1905 0
1906 8
1907 0
1908 12
1909 0
1910 0
1911 0
1912 16
1913 4
1914 0
1915 0
1916 0
1917 0
1918 8
1919 0
1920 0
1921 0
1922 4
1923 0
1924 0
1925 4
1926 8
1927 0
1928 0
1929 0
1930 0
1931 0
1932 0
1933 4
1934 8
1935 0
1936 30
1937 0
1938 0
1939 4
1940 0
1941 0
1942 0
1943 8
1944 0
1945 0
1946 0
1947 0
1948 12
1949 0
1950 0
1951 0
1952 0
1953 0
1954 8
1955 0
1956 0
1957 0
1958 0
1959 0
1960 0
1961 8
1962 8
1963 0
1964 12
1965 0
1966 0
1967 4
1968 0
1969 8
1970 0
1971 0
1972 0
1973 0
1974 0
1975 4
1976 0
1977 0
1978 16
1979 0
1980 0
1981 0
1982 8
1983 0
1984 0
1985 0
1986 0
1987 0
1988 12
1989 0
1990 0
1991 0
1992 0
1993 0
1994 0
1995 0
1996 12
1997 4
1998 0
1999 4
2000 0
2001 0
2002 0
2003 4
2004 0
2005 0
2006 0
2007 0
2008 0
2009 0
2010 0
2011 4
2012 0
2013 0
2014 0
2015 0
2016 12
2017 4
2018 8
2019 0
2020 0
2021 0
2022 0
2023 2
2024 32
2025 2
2026 0
2027 4
2028 0
2029 0
2030 0
2031 0
2032 20
2033 0
2034 8
2035 0
2036 0
2037 0
2038 8
2039 4
2040 0
2041 0
2042 0
2043 0
2044 0
2045 0
2046 0
2047 0
2048 24
2049 0
2050 0
2051 0
2052 0
2053 4
2054 0
2055 0
2056 0
2057 0
2058 0
2059 8
2060 0
2061 0
2062 8
2063 0
2064 0
2065 0
2066 8
2067 0
2068 0
2069 4
2070 0
2071 0
2072 16
2073 0
2074 0
2075 0
2076 0
2077 0
2078 0
2079 0
2080 0
2081 4
2082 0
2083 4
2084 0
2085 0
2086 8
2087 4
2088 16
2089 0
2090 0
2091 0
2092 0
2093 0
2094 0
2095 0
2096 0
2097 4
2098 0
2099 0
2100 0
2101 8
2102 8
2103 0
2104 16
2105 0
2106 0
2107 4
2108 0
2109 0
2110 0
2111 4
2112 0
2113 0
2114 8
2115 0
2116 18
2117 0
2118 0
2119 0
2120 0
2121 0
2122 8
2123 8
2124 0
2125 0
2126 0
2127 0
2128 0
2129 4
2130 0
2131 0
2132 0
2133 0
2134 0
2135 0
2136 0
2137 4
2138 0
2139 0
2140 0
2141 0
2142 0
2143 4
2144 24
2145 0
2146 16
2147 0
2148 0
2149 0
2150 8
2151 4
2152 0
2153 4
2154 0
2155 0
2156 12
2157 0
2158 0
2159 0
2160 0
2161 0
2162 0
2163 0
2164 12
2165 0
2166 0
2167 8
2168 0
2169 0
2170 0
2171 0
2172 0
2173 0
2174 8
2175 0
2176 0
2177 0
2178 12
2179 4
2180 0
2181 0
2182 0
2183 0
2184 0
2185 0
2186 8
2187 0
2188 12
2189 0
2190 0
2191 0
2192 20
2193 0
2194 0
2195 0
2196 0
2197 0
2198 0
2199 0
2200 16
2201 0
2202 0
2203 0
2204 0
2205 0
2206 8
2207 4
2208 0
2209 2
2210 0
2211 0
2212 12
2213 4
2214 0
2215 0
2216 16
2217 0
2218 0
2219 4
2220 0
2221 4
2222 0
2223 0
2224 0
2225 0
2226 0
2227 0
2228 12
2229 0
2230 0
2231 0
2232 0
2233 8
2234 8
2235 0
2236 0
2237 4
2238 0
2239 0
2240 0
2241 0
2242 0
2243 0
2244 0
2245 0
2246 0
2247 0
2248 16
2249 0
2250 0
2251 4
2252 0
2253 0
2254 8
2255 0
2256 0
2257 0
2258 8
2259 0
2260 0
2261 0
2262 0
2263 0
2264 0
2265 0
2266 0
2267 0
2268 6
2269 4
2270 0
2271 0
2272 24
2273 0
2274 0
2275 0
2276 12
2277 8
2278 0
2279 8
2280 0
2281 0
2282 8
2283 0
2284 12
2285 0
2286 8
2287 0
2288 0
2289 0
2290 0
2291 8
2292 0
2293 4
2294 0
2295 0
2296 0
2297 4
2298 0
2299 0
2300 12
2301 0
2302 0
2303 0
2304 18
2305 0
2306 0
2307 0
2308 0
2309 0
2310 0
2311 4
2312 8
2313 0
2314 0
2315 0
2316 0
2317 4
2318 0
2319 0
2320 0
2321 8
2322 0
2323 0
2324 0
2325 0
2326 8
2327 0
2328 0
2329 0
2330 0
2331 4
2332 24
2333 4
2334 0
2335 0
2336 0
2337 0
2338 0
2339 4
2340 0
2341 0
2342 8
2343 0
2344 0
2345 0
2346 0
2347 4
2348 0
2349 4
2350 0
2351 0
2352 0
2353 0
2354 16
2355 0
2356 0
2357 0
2358 0
2359 4
2360 0
2361 0
2362 0
2363 0
2364 0
2365 0
2366 4
2367 4
2368 28
2369 0
2370 0
2371 0
2372 0
2373 0
2374 8
2375 0
2376 0
2377 4
2378 0
2379 0
2380 0
2381 4
2382 0
2383 0
2384 20
2385 0
2386 0
2387 0
2388 0
2389 4
2390 0
2391 0
2392 0
2393 0
2394 0
2395 0
2396 12
2397 0
2398 16
2399 0
2400 0
2401 2
2402 8
2403 0
2404 0
2405 0
2406 0
2407 0
2408 16
2409 0
2410 0
2411 0
2412 12
2413 0
2414 0
2415 0
2416 20
2417 4
2418 0
2419 0
2420 0
2421 0
2422 0
2423 4
2424 0
2425 0
2426 8
2427 0
2428 0
2429 4
2430 0
2431 0
2432 0
2433 0
2434 0
2435 0
2436 0
2437 4
2438 16
2439 0
2440 0
2441 0
2442 0
2443 0
2444 0
2445 0
2446 0
2447 4
2448 0
2449 0
2450 4
2451 0
2452 12
2453 0
2454 0
2455 0
2456 0
2457 0
2458 8
2459 4
2460 0
2461 8
2462 0
2463 0
2464 24
2465 0
2466 8
2467 0
2468 12
2469 0
2470 0
2471 0
2472 0
2473 4
2474 0
2475 4
2476 0
2477 0
2478 0
2479 8
2480 0
2481 0
2482 0
2483 0
2484 0
2485 0
2486 16
2487 0
2488 0
2489 0
2490 0
2491 0
2492 0
2493 4
2494 16
2495 0
2496 0
2497 0
2498 0
2499 0
2500 6
2501 0
2502 0
2503 4
2504 0
2505 0
2506 8
2507 8
2508 0
2509 0
2510 0
2511 0
2512 0
2513 4
2514 0
2515 0
2516 0
2517 0
2518 0
2519 0
2520 0
2521 4
2522 0
2523 0
2524 12
2525 0
2526 0
2527 2
2528 24
2529 4
2530 0
2531 4
2532 0
2533 0
2534 0
2535 0
2536 16
2537 0
2538 0
2539 0
2540 0
2541 0
2542 0
2543 4
2544 0
2545 0
2546 0
2547 0
2548 0
2549 4
2550 0
2551 0
2552 32
2553 0
2554 0
2555 0
2556 12
2557 4
2558 0
2559 0
2560 0
2561 0
2562 0
2563 8
2564 12
2565 0
2566 8
2567 0
2568 0
2569 0
2570 0
2571 0
2572 0
2573 0
2574 0
2575 0
2576 20
2577 0
2578 8
2579 0
2580 0
2581 0
2582 0
2583 0
2584 0
2585 0
2586 0
2587 0
2588 0
2589 0
2590 0
2591 4
2592 12
2593 0
2594 8
2595 0
2596 0
2597 4
2598 0
2599 8
2600 0
2601 2
2602 0
2603 0
2604 0
2605 0
2606 8
2607 0
2608 20
2609 0
2610 0
2611 4
2612 12
2613 0
2614 0
2615 0
2616 0
2617 0
2618 0
2619 0
2620 0
2621 0
2622 0
2623 0
2624 0
2625 0
2626 0
2627 8
2628 0
2629 8
2630 0
2631 0
2632 0
2633 4
2634 0
2635 0
2636 12
2637 0
2638 0
2639 0
2640 0
2641 0
2642 0
2643 0
2644 0
2645 0
2646 0
2647 4
2648 16
2649 0
2650 8
2651 0
2652 0
2653 4
2654 8
2655 0
2656 0
2657 4
2658 0
2659 0
2660 0
2661 0
2662 16
2663 0
2664 16
2665 0
2666 0
2667 0
2668 24
2669 0
2670 0
2671 4
2672 0
2673 0
2674 8
2675 4
2676 0
2677 0
2678 0
2679 0
2680 0
2681 0
2682 8
2683 4
2684 0
2685 0
2686 0
2687 0
2688 0
2689 4
2690 0
2691 0
2692 12
2693 0
2694 0
2695 0
2696 16
2697 0
2698 0
2699 4
2700 0
2701 0
2702 8
2703 0
2704 10
2705 0
2706 0
2707 0
2708 0
2709 4
2710 0
2711 4
2712 0
2713 4
2714 0
2715 0
2716 0
2717 0
2718 8
2719 0
2720 0
2721 0
2722 0
2723 4
2724 0
2725 4
2726 0
2727 0
2728 0
2729 0
2730 0
2731 4
2732 12
2733 0
2734 8
2735 0
2736 0
2737 0
2738 12
2739 0
2740 0
2741 4
2742 0
2743 0
2744 8
2745 0
2746 8
2747 0
2748 0
2749 0
2750 0
2751 0
2752 28
2753 4
2754 0
2755 0
2756 0
2757 0
2758 8
2759 0
2760 0
2761 0
2762 8
2763 0
2764 0
2765 0
2766 0
2767 4
2768 0
2769 0
2770 0
2771 0
2772 12
2773 0
2774 0
2775 0
2776 16
2777 0
2778 0
2779 0
2780 0
2781 0
2782 0
2783 12
2784 0
2785 0
2786 0
2787 0
2788 0
2789 0
2790 0
2791 0
2792 0
2793 0
2794 16
2795 0
2796 0
2797 4
2798 0
2799 0
2800 10
2801 4
2802 0
2803 0
2804 12
2805 0
2806 0
2807 4
2808 0
2809 6
2810 0
2811 0
2812 0
2813 0
2814 0
2815 0
2816 36
2817 0
2818 8
2819 0
2820 0
2821 0
2822 0
2823 0
2824 0
2825 4
2826 0
2827 0
2828 0
2829 0
2830 0
2831 0
2832 0
2833 0
2834 0
2835 0
2836 12
2837 4
2838 0
2839 0
2840 0
2841 0
2842 8
2843 4
2844 12
2845 0
2846 8
2847 0
2848 0
2849 8
2850 0
2851 4
2852 0
2853 4
2854 0
2855 0
2856 0
2857 4
2858 8
2859 0
2860 0
2861 0
2862 0
2863 0
2864 20
2865 0
2866 0
2867 0
2868 0
2869 0
2870 0
2871 8
2872 16
2873 0
2874 0
2875 0
2876 0
2877 0
2878 8
2879 4
2880 0
2881 8
2882 0
2883 0
2884 0
2885 0
2886 0
2887 0
2888 8
2889 0
2890 0
2891 0
2892 0
2893 8
2894 0
2895 0
2896 0
2897 0
2898 8
2899 0
2900 12
2901 0
2902 8
2903 0
2904 0
2905 0
2906 8
2907 0
2908 0
2909 4
2910 0
2911 0
2912 0
2913 0
2914 0
2915 0
2916 6
2917 0
2918 0
2919 0
2920 0
2921 8
2922 0
2923 8
2924 0
2925 0
2926 0
2927 4
2928 0
2929 0
2930 0
2931 0
2932 0
2933 0
2934 8
2935 0
2936 0
2937 0
2938 0
2939 0
2940 0
2941 0
2942 8
2943 0
2944 32
2945 0
2946 0
2947 4
2948 24
2949 0
2950 0
2951 0
2952 0
2953 0
2954 8
2955 0
2956 12
2957 0
2958 0
2959 0
2960 0
2961 0
2962 8
2963 4
2964 0
2965 0
2966 0
2967 0
2968 16
2969 4
2970 0
2971 0
2972 12
2973 0
2974 0
2975 0
2976 0
2977 0
2978 0
2979 4
2980 0
2981 0
2982 0
2983 0
2984 16
2985 0
2986 8
2987 0
2988 0
2989 0
2990 0
2991 0
2992 0
2993 0
2994 0
2995 0
2996 12
2997 4
2998 8
2999 0
3000 0
3001 0
3002 0
3003 0
3004 12
3005 0
3006 0
3007 0
3008 0
3009 0
3010 0
3011 4
3012 0
3013 0
3014 16
3015 0
3016 0
3017 4
3018 0
3019 4
3020 0
3021 0
3022 0
3023 0
3024 0
3025 6
3026 0
3027 0
3028 12
3029 0
3030 0
3031 0
3032 16
3033 4
3034 0
3035 0
3036 0
3037 0
3038 0
3039 0
3040 0
3041 0
3042 4
3043 0
3044 0
3045 0
3046 8
3047 8
3048 0
3049 4
3050 0
3051 0
3052 12
3053 8
3054 0
3055 0
3056 20
3057 0
3058 0
3059 0
3060 0
3061 4
3062 0
3063 0
3064 0
3065 0
3066 0
3067 4
3068 0
3069 0
3070 0
3071 0
3072 0
3073 0
3074 16
3075 0
3076 0
3077 0
3078 0
3079 0
3080 0
3081 0
3082 16
3083 0
3084 0
3085 0
3086 0
3087 2
3088 20
3089 4
3090 0
3091 8
3092 0
3093 0
3094 0
3095 0
3096 16
3097 0
3098 8
3099 0
3100 0
3101 4
3102 0
3103 8
3104 0
3105 0
3106 0
3107 0
3108 0
3109 4
3110 0
3111 0
3112 16
3113 0
3114 0
3115 0
3116 0
3117 0
3118 0
3119 4
3120 0
3121 0
3122 0
3123 4
3124 24
3125 0
3126 0
3127 0
3128 0
3129 0
3130 0
3131 0
3132 0
3133 0
3134 0
3135 0
3136 14
3137 4
3138 0
3139 0
3140 0
3141 0
3142 0
3143 4
3144 0
3145 0
3146 0
3147 0
3148 0
3149 0
3150 4
3151 8
3152 20
3153 0
3154 0
3155 0
3156 0
3157 0
3158 8
3159 0
3160 0
3161 8
3162 0
3163 0
3164 12
3165 0
3166 8
3167 0
3168 24
3169 0
3170 0
3171 0
3172 0
3173 0
3174 0
3175 4
3176 0
3177 0
3178 0
3179 4
3180 0
3181 0
3182 16
3183 0
3184 0
3185 0
3186 0
3187 4
3188 0
3189 0
3190 0
3191 0
3192 0
3193 0
3194 8
3195 0
3196 0
3197 0
3198 0
3199 4
3200 16
3201 0
3202 0
3203 4
3204 0
3205 0
3206 0
3207 0
3208 16
3209 0
3210 0
3211 0
3212 0
3213 0
3214 8
3215 0
3216 0
3217 4
3218 0
3219 0
3220 0
3221 4
3222 8
3223 0
3224 0
3225 0
3226 0
3227 0
3228 0
3229 4
3230 0
3231 4
3232 0
3233 0
3234 0
3235 0
3236 12
3237 0
3238 8
3239 0
3240 0
3241 4
3242 8
3243 0
3244 0
3245 0
3246 0
3247 0
3248 20
3249 2
3250 0
3251 0
3252 0
3253 0
3254 0
3255 0
3256 32
3257 4
3258 0
3259 4
3260 0
3261 0
3262 8
3263 0
3264 0
3265 0
3266 16
3267 0
3268 0
3269 0
3270 0
3271 4
3272 0
3273 0
3274 0
3275 0
3276 0
3277 8
3278 16
3279 0
3280 0
3281 0
3282 0
3283 4
3284 12
3285 0
3286 0
3287 0
3288 0
3289 0
3290 0
3291 0
3292 12
3293 0
3294 0
3295 0
3296 0
3297 0
3298 0
3299 4
3300 0
3301 4
3302 0
3303 0
3304 0
3305 0
3306 0
3307 0
3308 12
3309 0
3310 0
3311 8
3312 20
3313 4
3314 0
3315 0
3316 0
3317 0
3318 0
3319 4
3320 0
3321 0
3322 16
3323 0
3324 0
3325 0
3326 8
3327 0
3328 0
3329 4
3330 0
3331 0
3332 0
3333 0
3334 8
3335 0
3336 0
3337 0
3338 0
3339 4
3340 0
3341 0
3342 0
3343 4
3344 0
3345 0
3346 8
3347 4
3348 0
3349 0
3350 8
3351 0
3352 0
3353 0
3354 0
3355 0
3356 0
3357 4
3358 0
3359 0
3360 0
3361 4
3362 4
3363 0
3364 18
3365 0
3366 0
3367 0
3368 16
3369 0
3370 0
3371 4
3372 0
3373 0
3374 0
3375 0
3376 20
3377 0
3378 0
3379 0
3380 0
3381 0
3382 0
3383 0
3384 0
3385 0
3386 0
3387 0
3388 18
3389 4
3390 0
3391 0
3392 28
3393 0
3394 0
3395 0
3396 0
3397 8
3398 0
3399 0
3400 0
3401 0
3402 0
3403 0
3404 24
3405 0
3406 0
3407 0
3408 0
3409 4
3410 0
3411 4
3412 0
3413 4
3414 0
3415 0
3416 0
3417 0
3418 8
3419 0
3420 0
3421 0
3422 0
3423 0
3424 24
3425 4
3426 0
3427 8
3428 0
3429 0
3430 0
3431 0
3432 0
3433 0
3434 0
3435 0
3436 0
3437 4
3438 8
3439 0
3440 0
3441 0
3442 0
3443 0
3444 0
3445 0
3446 8
3447 0
3448 16
3449 0
3450 0
3451 0
3452 12
3453 0
3454 0
3455 0
3456 0
3457 0
3458 0
3459 0
3460 0
3461 0
3462 0
3463 0
3464 0
3465 0
3466 8
3467 4
3468 0
3469 4
3470 0
3471 0
3472 0
3473 8
3474 8
3475 0
3476 24
3477 0
3478 0
3479 4
3480 0
3481 2
3482 0
3483 4
3484 0
3485 0
3486 0
3487 8
3488 24
3489 0
3490 0
3491 0
3492 0
3493 4
3494 8
3495 0
3496 0
3497 0
3498 0
3499 0
3500 0
3501 4
3502 0
3503 0
3504 0
3505 0
3506 0
3507 0
3508 12
3509 12
3510 0
3511 4
3512 0
3513 0
3514 0
3515 0
3516 0
3517 0
3518 8
3519 0
3520 0
3521 0
3522 0
3523 0
3524 0
3525 0
3526 0
3527 0
3528 8
3529 4
3530 0
3531 0
3532 12
3533 0
3534 0
3535 0
3536 0
3537 0
3538 0
3539 4
3540 0
3541 0
3542 16
3543 0
3544 16
3545 0
3546 8
3547 0
3548 0
3549 0
3550 8
3551 8
3552 0
3553 0
3554 0
3555 0
3556 12
3557 4
3558 0
3559 0
3560 0
3561 0
3562 0
3563 0
3564 12
3565 0
3566 0
3567 0
3568 0
3569 0
3570 0
3571 4
3572 0
3573 0
3574 8
3575 0
3576 0
3577 0
3578 8
3579 0
3580 0
3581 4
3582 0
3583 0
3584 20
3585 0
3586 16
3587 0
3588 0
3589 0
3590 0
3591 0
3592 16
3593 4
3594 0
3595 0
3596 0
3597 0
3598 0
3599 0
3600 10
3601 0
3602 8
3603 0
3604 0
3605 0
3606 0
3607 4
3608 0
3609 4
3610 0
3611 0
3612 0
3613 4
3614 0
3615 0
3616 24
3617 0
3618 0
3619 0
3620 0
3621 0
3622 0
3623 4
3624 0
3625 0
3626 8
3627 0
3628 12
3629 0
3630 0
3631 0
3632 0
3633 0
3634 16
3635 0
3636 0
3637 4
3638 0
3639 0
3640 0
3641 8
3642 0
3643 0
3644 12
3645 0
3646 0
3647 0
3648 0
3649 0
3650 0
3651 0
3652 0
3653 0
3654 8
3655 0
3656 16
3657 0
3658 0
3659 0
3660 0
3661 0
3662 8
3663 8
3664 0
3665 0
3666 0
3667 0
3668 0
3669 0
3670 0
3671 0
3672 0
3673 0
3674 0
3675 0
3676 12
3677 4
3678 0
3679 0
3680 0
3681 0
3682 8
3683 8
3684 0
3685 0
3686 0
3687 0
3688 0
3689 0
3690 0
3691 4
3692 0
3693 0
3694 0
3695 0
3696 0
3697 4
3698 12
3699 0
3700 12
3701 0
3702 0
3703 6
3704 16
3705 0
3706 0
3707 8
3708 0
3709 0
3710 0
3711 0
3712 32
3713 0
3714 0
3715 0
3716 0
3717 0
3718 8
3719 4
3720 0
3721 2
3722 0
3723 0
3724 0
3725 4
3726 8
3727 0
3728 20
3729 0
3730 0
3731 0
3732 0
3733 4
3734 0
3735 0
3736 0
3737 0
3738 0
3739 4
3740 0
3741 0
3742 8
3743 0
3744 0
3745 0
3746 8
3747 0
3748 0
3749 8
3750 0
3751 0
3752 16
3753 0
3754 8
3755 0
3756 0
3757 0
3758 0
3759 0
3760 0
3761 4
3762 0
3763 8
3764 0
3765 0
3766 0
3767 4
3768 0
3769 0
3770 0
3771 0
3772 0
3773 4
3774 0
3775 4
3776 0
3777 0
3778 0
3779 0
3780 0
3781 0
3782 0
3783 0
3784 32
3785 0
3786 0
3787 4
3788 12
3789 4
3790 0
3791 0
3792 0
3793 0
3794 0
3795 0
3796 0
3797 0
3798 8
3799 0
3800 0
3801 0
3802 8
3803 4
3804 0
3805 0
3806 0
3807 0
3808 0
3809 0
3810 0
3811 0
3812 12
3813 0
3814 0
3815 0
3816 16
3817 8
3818 0
3819 0
3820 0
3821 0
3822 0
3823 4
3824 20
3825 0
3826 8
3827 0
3828 0
3829 4
3830 0
3831 0
3832 0
3833 4
3834 0
3835 0
3836 12
3837 0
3838 0
3839 0
3840 0
3841 0
3842 0
3843 0
3844 6
3845 0
3846 0
3847 4
3848 0
3849 0
3850 8
3851 4
3852 12
3853 0
3854 0
3855 0
3856 0
3857 0
3858 0
3859 0
3860 0
3861 0
3862 0
3863 0
3864 0
3865 0
3866 8
3867 0
3868 12
3869 0
3870 0
3871 4
3872 36
3873 0
3874 0
3875 0
3876 0
3877 0
3878 8
3879 4
3880 0
3881 0
3882 0
3883 0
3884 0
3885 0
3886 16
3887 4
3888 0
3889 4
3890 0
3891 0
3892 0
3893 0
3894 0
3895 0
3896 16
3897 0
3898 0
3899 4
3900 0
3901 0
3902 0
3903 0
3904 0
3905 0
3906 0
3907 4
3908 12
3909 0
3910 0
3911 0
3912 0
3913 0
3914 0
3915 0
3916 0
3917 4
3918 0
3919 0
3920 0
3921 0
3922 16
3923 0
3924 12
3925 0
3926 0
3927 0
3928 16
3929 4
3930 0
3931 4
3932 0
3933 0
3934 8
3935 0
3936 0
3937 0
3938 16
3939 0
3940 0
3941 0
3942 0
3943 4
3944 0
3945 0
3946 0
3947 0
3948 0
3949 8
3950 8
3951 0
3952 0
3953 0
3954 0
3955 0
3956 24
3957 0
3958 0
3959 8
3960 0
3961 0
3962 0
3963 0
3964 12
3965 0
3966 0
3967 0
3968 0
3969 2
3970 0
3971 4
3972 0
3973 8
3974 0
3975 0
3976 16
3977 0
3978 0
3979 0
3980 0
3981 0
3982 0
3983 4
3984 0
3985 0
3986 0
3987 4
3988 0
3989 0
3990 0
3991 0
3992 16
3993 0
3994 8
3995 0
3996 0
3997 4
3998 8
3999 0
4000 0
4001 4
4002 0
4003 0
4004 0
4005 0
4006 8
4007 0
4008 0
4009 0
4010 0
4011 0
4012 0
4013 4
4014 0
4015 0
4016 0
4017 0
4018 0
4019 4
4020 0
4021 0
4022 8
4023 0
4024 0
4025 4
4026 0
4027 4
4028 0
4029 0
4030 0
4031 0
4032 14
4033 8
4034 8
4035 0
4036 12
4037 0
4038 0
4039 0
4040 0
4041 4
4042 0
4043 0
4044 0
4045 0
4046 4
4047 0
4048 40
4049 0
4050 4
4051 0
4052 0
4053 0
4054 8
4055 0
4056 0
4057 4
4058 0
4059 0
4060 0
4061 0
4062 0
4063 0
4064 24
4065 0
4066 0
4067 0
4068 12
4069 0
4070 0
4071 0
4072 0
4073 0
4074 0
4075 4
4076 12
4077 0
4078 8
4079 0
4080 0
4081 8
4082 0
4083 0
4084 0
4085 0
4086 0
4087 0
4088 0
4089 0
4090 0
4091 0
4092 0
4093 0
4094 0
4095 0
4096 26
4097 0
4098 0
4099 4
4100 0
4101 0
4102 0
4103 8
4104 0
4105 0
4106 8
4107 0
4108 0
4109 0
4110 0
4111 4
4112 0
4113 4
4114 0
4115 0
4116 0
4117 8
4118 16
4119 0
4120 0
4121 0
4122 0
4123 0
4124 12
4125 0
4126 0
4127 4
4128 0
4129 0
4130 0
4131 0
4132 12
4133 0
4134 0
4135 0
4136 0
4137 0
4138 8
4139 4
4140 0
4141 0
4142 0
4143 0
4144 20
4145 0
4146 0
4147 0
4148 0
4149 0
4150 0
4151 0
4152 0
4153 4
4154 0
4155 0
4156 0
4157 0
4158 0
4159 4
4160 0
4161 0
4162 8
4163 0
4164 0
4165 0
4166 8
4167 4
4168 0
4169 8
4170 0
4171 0
4172 12
4173 0
4174 8
4175 0
4176 20
4177 0
4178 0
4179 0
4180 0
4181 8
4182 0
4183 0
4184 0
4185 0
4186 0
4187 8
4188 0
4189 0
4190 0
4191 0
4192 0
4193 4
4194 8
4195 0
4196 0
4197 0
4198 0
4199 0
4200 0
4201 4
4202 16
4203 0
4204 12
4205 0
4206 0
4207 0
4208 20
4209 0
4210 0
4211 4
4212 0
4213 0
4214 8
4215 0
4216 0
4217 0
4218 0
4219 0
4220 0
4221 4
4222 8
4223 0
4224 0
4225 2
4226 0
4227 0
4228 12
4229 4
4230 0
4231 0
4232 24
4233 0
4234 0
4235 0
4236 0
4237 0
4238 0
4239 0
4240 0
4241 0
4242 0
4243 4
4244 12
4245 0
4246 16
4247 0
4248 0
4249 0
4250 0
4251 0
4252 0
4253 4
4254 0
4255 0
4256 0
4257 8
4258 8
4259 0
4260 0
4261 0
4262 0
4263 0
4264 0
4265 0
4266 0
4267 0
4268 0
4269 0
4270 0
4271 4
4272 0
4273 0
4274 8
4275 0
4276 0
4277 0
4278 0
4279 8
4280 0
4281 0
4282 0
4283 0
4284 0
4285 0
4286 8
4287 0
4288 28
4289 0
4290 0
4291 4
4292 24
4293 4
4294 0
4295 0
4296 0
4297 0
4298 0
4299 0
4300 12
4301 0
4302 8
4303 0
4304 0
4305 0
4306 8
4307 0
4308 0
4309 0
4310 0
4311 0
4312 16
4313 0
4314 0
4315 0
4316 0
4317 0
4318 0
4319 4
4320 0
4321 8
4322 0
4323 0
4324 0
4325 0
4326 0
4327 4
4328 16
4329 0
4330 0
4331 0
4332 0
4333 0
4334 16
4335 0
4336 0
4337 4
4338 0
4339 0
4340 0
4341 0
4342 0
4343 0
4344 0
4345 0
4346 0
4347 0
4348 12
4349 4
4350 0
4351 0
4352 0
4353 0
4354 0
4355 0
4356 18
4357 0
4358 8
4359 0
4360 0
4361 0
4362 0
4363 4
4364 0
4365 0
4366 0
4367 0
4368 0
4369 0
4370 0
4371 0
4372 12
4373 0
4374 0
4375 2
4376 16
4377 0
4378 0
4379 8
4380 0
4381 0
4382 0
4383 4
4384 24
4385 0
4386 0
4387 0
4388 0
4389 0
4390 0
4391 4
4392 0
4393 8
4394 0
4395 0
4396 0
4397 4
4398 0
4399 0
4400 20
4401 0
4402 0
4403 0
4404 0
4405 0
4406 0
4407 0
4408 0
4409 0
4410 0
4411 8
4412 12
4413 0
4414 8
4415 0
4416 0
4417 4
4418 4
4419 4
4420 0
4421 4
4422 0
4423 0
4424 16
4425 0
4426 8
4427 0
4428 0
4429 0
4430 0
4431 0
4432 20
4433 0
4434 0
4435 0
4436 0
4437 0
4438 8
4439 8
4440 0
4441 0
4442 8
4443 0
4444 0
4445 0
4446 0
4447 4
4448 0
4449 0
4450 0
4451 0
4452 0
4453 0
4454 0
4455 0
4456 16
4457 0
4458 0
4459 0
4460 0
4461 0
4462 0
4463 4
4464 0
4465 0
4466 16
4467 0
4468 12
4469 0
4470 0
4471 0
4472 0
4473 4
4474 8
4475 4
4476 0
4477 12
4478 0
4479 0
4480 0
4481 4
4482 0
4483 0
4484 0
4485 0
4486 0
4487 4
4488 0
4489 6
4490 0
4491 4
4492 0
4493 0
4494 0
4495 0
4496 20
4497 0
4498 0
4499 0
4500 0
4501 0
4502 8
4503 0
4504 0
4505 0
4506 0
4507 0
4508 12
4509 0
4510 0
4511 0
4512 0
4513 0
4514 0
4515 0
4516 12
4517 4
4518 0
4519 4
4520 0
4521 0
4522 0
4523 4
4524 0
4525 0
4526 0
4527 0
4528 0
4529 0
4530 0
4531 8
4532 0
4533 0
4534 0
4535 0
4536 8
4537 0
4538 8
4539 0
4540 0
4541 0
4542 0
4543 0
4544 28
4545 0
4546 0
4547 4
4548 0
4549 0
4550 0
4551 0
4552 16
4553 0
4554 16
4555 0
4556 0
4557 0
4558 16
4559 0
4560 0
4561 4
4562 0
4563 0
4564 12
4565 0
4566 0
4567 0
4568 16
4569 0
4570 0
4571 4
4572 12
4573 0
4574 0
4575 0
4576 0
4577 0
4578 0
4579 0
4580 0
4581 0
4582 16
4583 0
4584 0
4585 0
4586 8
4587 0
4588 0
4589 0
4590 0
4591 0
4592 0
4593 0
4594 8
4595 0
4596 0
4597 0
4598 0
4599 0
4600 16
4601 8
4602 0
4603 4
4604 0
4605 0
4606 0
4607 0
4608 20
4609 0
4610 0
4611 0
4612 0
4613 4
4614 0
4615 0
4616 0
4617 0
4618 0
4619 0
4620 0
4621 4
4622 8
4623 0
4624 10
4625 0
4626 0
4627 0
4628 0
4629 0
4630 0
4631 8
4632 0
4633 0
4634 8
4635 0
4636 0
4637 0
4638 0
4639 0
4640 0
4641 0
4642 16
4643 4
4644 0
4645 0
4646 0
4647 0
4648 0
4649 4
4650 0
4651 0
4652 12
4653 0
4654 0
4655 0
4656 0
4657 4
4658 0
4659 0
4660 0
4661 0
4662 8
4663 4
4664 32
4665 0
4666 8
4667 0
4668 0
4669 8
4670 0
4671 0
4672 0
4673 4
4674 0
4675 0
4676 0
4677 0
4678 8
4679 0
4680 0
4681 0
4682 0
4683 0
4684 12
4685 0
4686 0
4687 8
4688 0
4689 0
4690 0
4691 4
4692 0
4693 0
4694 8
4695 0
4696 0
4697 0
4698 8
4699 8
4700 0
4701 0
4702 0
4703 0
4704 0
4705 0
4706 0
4707 0
4708 24
4709 0
4710 0
4711 4
4712 0
4713 0
4714 0
4715 0
4716 0
4717 0
4718 8
4719 0
4720 0
4721 0
4722 0
4723 0
4724 0
4725 0
4726 0
4727 8
4728 0
4729 4
4730 0
4731 0
4732 6
4733 4
4734 8
4735 0
4736 32
4737 0
4738 0
4739 0
4740 0
4741 8
4742 0
4743 0
4744 0
4745 0
4746 0
4747 0
4748 12
4749 0
4750 0
4751 0
4752 0
4753 0
4754 8
4755 0
4756 0
4757 8
4758 0
4759 0
4760 0
4761 6
4762 8
4763 0
4764 0
4765 0
4766 0
4767 0
4768 24
4769 0
4770 0
4771 0
4772 0
4773 0
4774 0
4775 4
4776 0
4777 0
4778 8
4779 0
4780 0
4781 4
4782 0
4783 4
4784 0
4785 0
4786 0
4787 0
4788 0
4789 4
4790 0
4791 0
4792 16
4793 0
4794 0
4795 0
4796 24
4797 0
4798 0
4799 4
4800 0
4801 0
4802 4
4803 0
4804 12
4805 0
4806 0
4807 0
4808 0
4809 0
4810 0
4811 0
4812 0
4813 4
4814 0
4815 0
4816 20
4817 4
4818 0
4819 0
4820 0
4821 0
4822 0
4823 0
4824 16
4825 4
4826 0
4827 0
4828 0
4829 0
4830 0
4831 4
4832 24
4833 0
4834 8
4835 0
4836 0
4837 0
4838 0
4839 0
4840 0
4841 0
4842 0
4843 0
4844 0
4845 0
4846 8
4847 0
4848 0
4849 0
4850 0
4851 4
4852 12
4853 8
4854 0
4855 0
4856 0
4857 0
4858 8
4859 8
4860 0
4861 0
4862 0
4863 0
4864 0
4865 0
4866 0
4867 0
4868 0
4869 4
4870 0
4871 0
4872 0
4873 8
4874 8
4875 0
4876 24
4877 0
4878 0
4879 0
4880 0
4881 0
4882 0
4883 0
4884 0
4885 0
4886 0
4887 0
4888 0
4889 0
4890 0
4891 0
4892 0
4893 0
4894 8
4895 0
4896 0
4897 0
4898 0
4899 0
4900 6
4901 4
4902 0
4903 0
4904 16
4905 0
4906 0
4907 4
4908 0
4909 4
4910 0
4911 0
4912 0
4913 0
4914 0
4915 0
4916 12
4917 0
4918 8
4919 0
4920 0
4921 0
4922 16
4923 4
4924 0
4925 4
4926 0
4927 0
4928 28
4929 0
4930 0
4931 0
4932 12
4933 0
4934 0
4935 0
4936 16
4937 4
4938 0
4939 8
4940 0
4941 0
4942 0
4943 4
4944 0
4945 0
4946 8
4947 0
4948 0
4949 0
4950 8
4951 4
4952 0
4953 0
4954 0
4955 0
4956 0
4957 4
4958 16
4959 0
4960 0
4961 0
4962 0
4963 4
4964 0
4965 0
4966 0
4967 4
4968 0
4969 0
4970 0
4971 0
4972 24
4973 0
4974 0
4975 0
4976 0
4977 4
4978 0
4979 0
4980 0
4981 0
4982 0
4983 0
4984 0
4985 0
4986 8
4987 0
4988 24
4989 0
4990 0
4991 0
4992 0
4993 4
4994 0
4995 0
4996 0
4997 0
4998 0
4999 4
5000 8







